[ 5.2155358416, 0.1118395311, 5.1957493330, 0.1547650596, 5.1957493330, 0.1547650596, 5.1760335296, 0.1852364810, 5.1957493330, 0.1547650596, 5.0854351232, 0.0543596572, 5.0854351232, 0.0543596572, 5.2031438386, 0.0175523955, 5.2853125576,-0.0143374561, 5.2031438386, 0.0175523955, 5.0854351232, 0.0543596572, 4.9977948460, 0.2419673781, 4.9977948460, 0.2419673781, 4.9725440772, 0.2629945516, 5.0854351232, 0.0543596572, 5.0014554958,-0.0852128124,],
[ 0.0365914186, 0.5077307372, 0.1715947657, 0.5386300044, 0.1715947657, 0.5386300044, 0.3042543513, 0.6217007721, 0.5406098378, 0.7387952238, 0.3042543513, 0.6217007721, 0.3042543513, 0.6217007721, 0.2476256935, 0.6719387630, 0.2476256935, 0.6719387630, 0.2173538326, 0.7169630129,],
[ 6.1652438184,-0.6600548805, 0.2557158849,-0.5123844106, 0.2557158849,-0.5123844106, 6.1035201566,-0.5677876466, 6.1035201566,-0.5677876466, 6.1652438184,-0.6600548805,],
[ 4.7413235439,-0.8742608091, 4.5895266472,-0.8705000971, 4.5895266472,-0.8705000971, 4.4445704416,-0.9772108151, 4.4445704416,-0.9772108151, 4.4060190813,-1.0304653683, 4.4060190813,-1.0304653683, 4.5862872742,-1.0591287369, 4.5862872742,-1.0591287369, 4.5613932582,-0.9839762802, 4.5613932582,-0.9839762802, 4.5609814586,-0.9691782595, 4.5609814586,-0.9691782595, 4.7413235439,-0.8742608091,],
[ 4.1618450083,-0.2919869887, 4.0820007355,-0.2581264056, 4.0820007355,-0.2581264056, 4.0012016219,-0.1637619163,, 3.8871956548,-0.2799789166, 3.8871956548,-0.2799789166, 3.9447540497,-0.4412516273, 3.9447540497,-0.4412516273, 4.0820007355,-0.2581264056,],
[ 0.5803227759, 0.1544049601, 0.6464639924, 0.1476564024, 0.4541584879,-0.2781977287, 0.1901847668,-0.3139268585, 0.1901847668,-0.3139268585, 0.0847708677,-0.1540048781, 0.1901847668,-0.3139268585, 0.2992704213,-0.1777081665, 0.2992704213,-0.1777081665, 0.3666246783,-0.1428159978, 0.3666246783,-0.1428159978, 0.4863367693,-0.1803788229, 0.4863367693,-0.1803788229, 0.6368279080,-0.2145088552, 0.6368279080,-0.2145088552, 0.6962214515,-0.2071981974, 0.6962214515,-0.2071981974, 0.7161198247,-0.2418795264, 0.7161198247,-0.2418795264, 0.6636088945,-0.2660635556, 0.6636088945,-0.2660635556, 0.4541584879,-0.2781977287, 0.6080135631,-0.0519595123, 0.6962214515,-0.2071981974, 0.6080135631,-0.0519595123, 0.6958735570, 0.0057336988, 0.6958735570, 0.0057336988, 0.7125397178, 0.0564818484, 0.7125397178, 0.0564818484, 0.7953450247, 0.0713826671, 0.7953450247, 0.0713826671, 0.7841543489, 0.1554634808, 0.7841543489, 0.1554634808, 0.7196845878, 0.1765264478, 0.7196845878, 0.1765264478, 0.6464639924, 0.1476564024, 0.6464639924, 0.1476564024, 0.6801321877, 0.0976215260, 0.6801321877, 0.0976215260, 0.7125397178, 0.0564818484,],
[ 0.7416914391, 0.4757905498, 0.5548900421, 0.4095027186, 0.5548900421, 0.4095027186, 0.5002076818, 0.3631733438, 0.5002076818, 0.3631733438, 0.4953655907, 0.3367454416,],
[ 4.9182271085,-0.0828652458, 4.9195723689,-0.0995722694, 4.9195723689,-0.0995722694, 4.9511438607,-0.2723241080, 4.9511438607,-0.2723241080, 4.8397872487,-0.2542212491, 4.8397872487,-0.2542212491, 4.8660097911,-0.1438728697, 4.8660097911,-0.1438728697, 4.9182271085,-0.0828652458,],
[ 2.2693742935,-0.6162461035, 2.2846030842,-0.5792121459, 2.2846030842,-0.5792121459, 2.3148891877,-0.4836317594,],
[ 3.8447363858, 0.2396045866, 3.7335754203, 0.3348810440, 3.7335754203, 0.3348810440, 3.8614864893, 0.4725334744, 3.8614864893, 0.4725334744, 3.9946298740, 0.5814582287, 3.9946298740, 0.5814582287, 3.9354842530, 0.7049496023, 3.9354842530, 0.7049496023, 3.8051637674, 0.6685987015, 3.8051637674, 0.6685987015, 3.8040802105, 0.5300764764, 3.8040802105, 0.5300764764, 3.7335754203, 0.3348810440, 3.7335754203, 0.3348810440, 3.6420015586, 0.3211159157, 3.6420015586, 0.3211159157, 3.6192818453, 0.2757237260,],
[ 1.1817404512,-0.7845908345, 1.2241901557,-0.7306571369, 1.2241901557,-0.7306571369, 1.2307077369,-0.6482984674,],
[ 2.1752087028,-1.3425069551, 2.7727622778,-1.3719651655, 2.7727622778,-1.3719651655, 3.2216555620,-1.3842602319,],
[ 2.2981502385, 0.5019567842, 2.2832697676, 0.3746976891, 2.2832697676, 0.3746976891, 2.1819431676, 0.4750545623, 2.2832697676, 0.3746976891, 2.2893709279, 0.3168621473, 2.2893709279, 0.3168621473, 2.1664589236, 0.1603200729, 2.2893709279, 0.3168621473, 2.3495911061, 0.2069571695,],
[ 5.3147616297,-0.2189490900, 5.3276645317,-0.2579841156, 5.3276645317,-0.2579841156, 5.5237328725,-0.3007675455, 5.5237328725,-0.3007675455, 5.5948548929,-0.2938184194, 5.5948548929,-0.2938184194, 5.6727085700,-0.2908111754, 5.6727085700,-0.2908111754, 5.7030295246,-0.2814616727, 5.5948548929,-0.2938184194, 5.6141444450,-0.3911523446, 5.6141444450,-0.3911523446, 5.5237328725,-0.3007675455, 5.3276645317,-0.2579841156, 5.4371199458,-0.4410537256, 5.5237328725,-0.3007675455, 5.4621021643,-0.4698273838,],
[ 2.4138078641,-1.2167994397, 2.6779371328,-1.2223923360, 2.6779371328,-1.2223923360, 2.8054296405,-1.1238956867, 2.8054296405,-1.1238956867, 2.8079662518,-1.0570870613, 2.8079662518,-1.0570870613, 2.9172738933,-1.0293086553, 2.9172738933,-1.0293086553, 2.8514001135,-1.0271832446, 2.8514001135,-1.0271832446, 2.7396393294,-1.0251960825, 2.7396393294,-1.0251960825, 2.6925343724,-1.0704509185, 2.6925343724,-1.0704509185, 2.4307657471,-1.0345484720, 2.2716213078,-1.0430264725, 2.1926327481,-1.0386373711, 2.1926327481,-1.0386373711, 1.6753045113,-0.9197137785, 2.4040532521,-1.0291670805, 2.4307657471,-1.0345484720, 2.4040532521,-1.0291670805, 2.2716213078,-1.0430264725, 1.6753045113,-0.9197137785, 1.7355606227,-0.7539110968, 2.1926327481,-1.0386373711, 2.1100354460,-0.6981873479,],
[ 0.4991411472, 1.1112536973, 0.3744169753, 1.0513061203, 0.3744169753, 1.0513061203, 0.2474368608, 1.0597071908, 0.2474368608, 1.0597071908, 0.1767427477, 0.9867639420, 0.1767427477, 0.9867639420, 0.0400036499, 1.0323660584,],
[ 3.8383352142,-1.0617735850, 3.6818771120,-1.0537072605, 3.6818771120,-1.0537072605, 3.5774357455,-0.9331640675, 3.5774357455,-0.9331640675, 3.6457335522,-0.8253359433, 3.6457335522,-0.8253359433, 3.6594297557,-0.7819691374, 3.6594297557,-0.7819691374, 3.6198861585,-0.7413056511, 3.6198861585,-0.7413056511, 3.6193981602,-0.7275869220, 3.6193981602,-0.7275869220, 3.5388491118,-0.6877867814, 3.5388491118,-0.6877867814, 3.4932812673,-0.6407466857, 3.6193981602,-0.7275869220, 3.6943765794,-0.6347534825, 3.6198861585,-0.7413056511, 3.8201222336,-0.7357914675, 3.8201222336,-0.7357914675, 3.9233328099,-0.7348559006, 3.6457335522,-0.8253359433, 3.3227581995,-0.8545112049, 3.3227581995,-0.8545112049, 3.2639410768,-0.8766894414, 3.2639410768,-0.8766894414, 3.1780659373,-0.8852730576, 3.1780659373,-0.8852730576, 3.0314705161,-0.9470877617, 3.0314705161,-0.9470877617, 3.0359222943,-1.0999034371,],
[ 5.8069476370, 1.0158034400, 5.9763645834, 1.1554203705, 5.9763645834, 1.1554203705, 5.6228381573, 1.2315164467, 5.6228381573, 1.2315164467, 5.5788418042, 1.0923222563, 5.5788418042, 1.0923222563, 5.8069476370, 1.0158034400, 5.9763645834, 1.1554203705, 6.1930813863, 1.3549334230, 6.1930813863, 1.3549334230, 5.6228381573, 1.2315164467,],
[ 3.4469925602, 0.3059407189, 3.4552372412, 0.4865286405, 3.4552372412, 0.4865286405, 3.2591353191, 0.4933804890,],
[ 3.2888615374, 0.7218117631, 3.3860726301, 0.6687795565,],
[ 1.5695773717, 0.6494852553, 1.5687433430, 0.7844807290, 1.5687433430, 0.7844807290, 1.3818132039, 0.8028345096, 1.3818132039, 0.8028345096, 1.3198092592, 0.7169095101, 1.3198092592, 0.7169095101, 1.2958790703, 0.5788582689, 1.4237158306, 0.4993015867, 1.2958790703, 0.5788582689, 1.4237158306, 0.4993015867, 1.5695773717, 0.6494852553,],
[ 1.6672872363,-0.5835730521, 1.6430191653,-0.6133214618, 1.6430191653,-0.6133214618, 1.5600488723,-0.6158098753, 1.5600488723,-0.6158098753, 1.5313484549,-0.6242919202, 1.5313484549,-0.6242919202, 1.5670722719,-0.7472645958, 1.5313484549,-0.6242919202, 1.4819983319,-0.5947043514, 1.4819983319,-0.5947043514, 1.4451861014,-0.6190758935,],
[ 3.8506824826,-1.1340201681, 4.0289949683,-1.0353414981, 3.8506824826,-1.1340201681, 4.0034188011,-1.0262689373,],
[ 2.8788296167,-0.3193794981, 2.9306613406,-0.3983819823, 2.9306613406,-0.3983819823, 2.9883660728,-0.3086443251, 2.9883660728,-0.3086443251, 2.9641888635,-0.2579429748, 2.9641888635,-0.2579429748, 2.8788296167,-0.3193794981, 2.9641888635,-0.2579429748, 2.9871750427,-0.1895319816, 2.9871750427,-0.1895319816, 3.0398507578,-0.1710816023, 3.0398507578,-0.1710816023, 3.1242108904,-0.2993380834, 3.1242108904,-0.2993380834, 3.0751071768,-0.3202786432, 3.0751071768,-0.3202786432, 2.9883660728,-0.3086443251,],
[ 4.9034255256,-0.6688679497, 4.9596796420,-0.6517615032, 4.9596796420,-0.6517615032, 4.9686232391,-0.6476408702, 4.9686232391,-0.6476408702, 5.0021892252,-0.6468671394, 5.0021892252,-0.6468671394, 5.0155147273,-0.6615537802, 5.0155147273,-0.6615537802, 5.0179490454,-0.6866248598, 5.0179490454,-0.6866248598, 5.0106172448,-0.7067996639, 5.0106172448,-0.7067996639, 4.9877752208,-0.7346962495, 4.9877752208,-0.7346962495, 4.9579693593,-0.7454406264, 4.9034255256,-0.6688679497, 4.8535647935,-0.6929639488,],
[ 4.0706747501, 0.5473205070, 4.0484258681, 0.5079866628, 4.0484258681, 0.5079866628, 4.0783391856, 0.4662631477, 4.0783391856, 0.4662631477, 4.1134965670, 0.4589433025, 4.1134965670, 0.4589433025, 4.1433896828, 0.4549820177, 4.1433896828, 0.4549820177, 4.1782674598, 0.4691100516, 4.1782674598, 0.4691100516, 4.1950872545, 0.5209996009,],
[ 3.2815451373,-0.2826711778, 3.2719093518,-0.2882427674, 3.2719093518,-0.2882427674, 3.2105671816,-0.3061653709, 3.2105671816,-0.3061653709, 3.1857731851,-0.3947898488, 3.1857731851,-0.3947898488, 3.1782992992,-0.4315986283, 3.1857731851,-0.3947898488, 3.2916352739,-0.4083481040, 3.2916352739,-0.4083481040, 3.2719093518,-0.2882427674,],
[ 3.2775777484,-0.9968023763, 3.2576527881,-1.1012862951, 3.3498190466,-1.0417649114, 3.2076793268,-1.0253617674,],
[ 5.0488091876, 0.9314501204, 5.1038037418, 0.9028495279, 5.1038037418, 0.9028495279, 5.1704246155, 0.7876791647, 5.1704246155, 0.7876791647, 5.3329771576, 0.7026116358, 5.3329771576, 0.7026116358, 5.4167684854, 0.7902909202, 5.3329771576, 0.7026116358, 5.4376047148, 0.5928788067, 5.4376047148, 0.5928788067, 5.5542326582, 0.5275620911, 5.5542326582, 0.5275620911, 5.6903845519, 0.5016638713, 5.3329771576, 0.7026116358, 5.2198722715, 0.6123224263, 5.2198722715, 0.6123224263, 5.1082358543, 0.4879887360,],
[ 5.3809057021, 0.1972803573, 5.3998210942, 0.2547343921, 5.3998210942, 0.2547343921, 5.4089393078, 0.2777177099, 5.4089393078, 0.2777177099, 5.4395744565, 0.2814304147, 5.4395744565, 0.2814304147, 5.4256138327, 0.2631028406, 5.4256138327, 0.2631028406, 5.3998210942, 0.2547343921,],
[ 1.5043588521,-1.1473016199, 1.5450454619,-1.1011460457, 1.5450454619,-1.1011460457, 1.4557148642,-1.0906537318, 1.4557148642,-1.0906537318, 1.5043588521,-1.1473016199, 1.4557148642,-1.0906537318, 1.1955300582,-0.9607165832, 1.1955300582,-0.9607165832, 1.1171191805,-0.8986193425,],
[ 4.6841458792, 0.9926115420, 4.6975811581, 0.8986517235, 4.6975811581, 0.8986517235, 4.5833783766, 0.9128309154, 4.5833783766, 0.9128309154, 4.5913706814, 0.9629471345, 4.5913706814, 0.9629471345, 4.6841458792, 0.9926115420, 4.6841458792, 0.9926115420, 5.0289593472, 1.1809127583, 5.0289593472, 1.1809127583, 5.1843706449, 1.2264050852, 5.1843706449, 1.2264050852, 5.0420593851, 1.2802900235, 5.0420593851, 1.2802900235, 4.8041888340, 1.2694425030, 4.8041888340, 1.2694425030, 4.4889304721, 1.1469367756, 4.4889304721, 1.1469367756, 4.2934740901, 1.0736231529, 4.2934740901, 1.0736231529, 4.1970589736, 1.0221422574, 4.1970589736, 1.0221422574, 4.0357673053, 1.0291512588, 4.0357673053, 1.0291512588, 3.6843483047, 1.1235698204, 3.6843483047, 1.1235698204, 3.2876943477, 1.2180340414, 3.2876943477, 1.2180340414, 3.0168225896, 1.2100563449,],
[ 4.2476030328,-0.9534805768, 4.2753707293,-0.8753765045, 4.2753707293,-0.8753765045, 4.3074033577,-0.8299867129, 4.3074033577,-0.8299867129, 4.2028153991,-0.8592207186, 4.2028153991,-0.8592207186, 4.2753707293,-0.8753765045, 4.2028153991,-0.8592207186, 4.2476030328,-0.9534805768,],
[ 0.4263513349,-0.9989681672, 0.5059151382,-0.9007572172, 0.5059151382,-0.9007572172, 0.5956299907,-0.8990559484, 0.5956299907,-0.8990559484, 0.6413434159,-0.8325888425, 0.6413434159,-0.8325888425, 0.6972531912,-0.7486002179, 0.6972531912,-0.7486002179, 0.7010356176,-0.6956063706, 0.7010356176,-0.6956063706, 0.7778143958,-0.7034503238, 0.7778143958,-0.7034503238, 0.8721719177,-0.7517403453, 0.8721719177,-0.7517403453, 0.9974427534,-0.6565951040, 0.9974427534,-0.6565951040, 1.0011849147,-0.6318111537, 1.0011849147,-0.6318111537, 1.1252732932,-0.5898921671, 1.1252732932,-0.5898921671, 1.1520747736,-0.5937084108, 1.1520747736,-0.5937084108, 1.2023189036,-0.5334129483, 1.2023189036,-0.5334129483, 0.9898190548,-0.4057617865, 0.9898190548,-0.4057617865, 0.9328237929,-0.3775638610, 0.9328237929,-0.3775638610, 0.8705534791,-0.3797477351, 0.8705534791,-0.3797477351, 0.7958405515,-0.4123224482, 0.7958405515,-0.4123224482, 0.7203832993,-0.3241538951, 0.7203832993,-0.3241538951, 0.7698068323,-0.1552925886, 0.7698068323,-0.1552925886, 0.8544860597,-0.1539352543, 0.8544860597,-0.1539352543, 0.9291276019,-0.1650785820, 0.9291276019,-0.1650785820, 0.9741086905,-0.1704348693, 0.9741086905,-0.1704348693, 1.2056691238,-0.0585112558, 1.2056691238,-0.0585112558, 1.2457390124,-0.0568039198, 1.2457390124,-0.0568039198, 1.2779941042,-0.0951685423, 1.2779941042,-0.0951685423, 1.3432514979,-0.0887720313, 1.3432514979,-0.0887720313, 1.3489055650,-0.1527874491, 1.3489055650,-0.1527874491, 1.2137943890,-0.2496446877,],
[ 5.1532979631, 0.3050158980, 5.1809564470, 0.3234838420, 5.1809564470, 0.3234838420, 5.1491418161, 0.3144025354, 5.1809564470, 0.3234838420, 5.2305617932, 0.3402011954, 5.2305617932, 0.3402011954, 5.2584933870, 0.3489066282,],
[ 0.7377913574,-0.5655963496, 0.8380692937,-0.5059553529,],
[ 1.7353446674, 0.2862237699, 1.8505242699, 0.3590194508, 1.8505242699, 0.3590194508, 1.9203995423, 0.3836642074, 1.9203995423, 0.3836642074, 1.9115432695, 0.2886857528, 1.9115432695, 0.2886857528, 1.7684136731, 0.2250786224, 1.9203995423, 0.3836642074, 1.9893387913, 0.4694238089, 1.9893387913, 0.4694238089, 2.0265358685, 0.4258276839, 1.9893387913, 0.4694238089, 2.0303534384, 0.4891513905, 1.9893387913, 0.4694238089, 1.9448550159, 0.4851716099, 1.9448550159, 0.4851716099, 1.8812025158, 0.5278797345, 1.8812025158, 0.5278797345, 1.9835670383, 0.5565616766, 1.8812025158, 0.5278797345, 1.8011317943, 0.5927377222, 1.8812025158, 0.5278797345, 1.7624865547, 0.4386214075, 1.7624865547, 0.4386214075, 1.6971720090, 0.3527688585, 1.7624865547, 0.4386214075, 1.6709775899, 0.3929408129, 1.6709775899, 0.3929408129, 1.6357150549, 0.3928181795, 1.6357150549, 0.3928181795, 1.5887744152, 0.4060269757,],
[ 0.9122352084, 1.0461561949, 1.0359573047, 1.1008184155, 1.0359573047, 1.1008184155, 1.2830359363, 1.1578978524, 0.9122352084, 1.0461561949, 1.0051260843, 1.2449846782, 1.0051260843, 1.2449846782, 1.2830359363, 1.1578978524, 1.0051260843, 1.2449846782, 1.4074464129, 1.3828375774,],
[ 1.8072506712,-0.2101130761, 1.8489940380,-0.2728518335, 1.8489940380,-0.2728518335, 1.8157406554,-0.2976527589, 1.8157406554,-0.2976527589, 1.7678185359,-0.2916993748, 1.7678185359,-0.2916993748, 1.8457928417,-0.4159695755, 1.8457928417,-0.4159695755, 1.8692102558,-0.4606483732, 1.8692102558,-0.4606483732, 1.8972210119,-0.4672715214, 1.8972210119,-0.4672715214, 1.9377303527,-0.5114359187, 1.8265995338,-0.5056583510, 1.8400971203,-0.4875549628, 1.8400971203,-0.4875549628, 1.8692102558,-0.4606483732, 1.8400971203,-0.4875549628, 1.8073645440,-0.4176284584, 1.8073645440,-0.4176284584, 1.7308574846,-0.3360755280, 1.7308574846,-0.3360755280, 1.7237584259,-0.4008119534, 1.7308574846,-0.3360755280, 1.6698428407,-0.3133898686, 1.7308574846,-0.3360755280, 1.7678185359,-0.2916993748, 1.8265995338,-0.5056583510, 1.7882691106,-0.5673801423, 1.6594290263,-0.5247049047, 1.8265995338,-0.5056583510, 1.8157406554,-0.2976527589, 1.8072506712,-0.2101130761,],
[ 3.6108350538, 0.8606795018, 3.5077787053, 0.9586293363, 3.5077787053, 0.9586293363, 3.3773308557, 0.9766835090, 3.3773308557, 0.9766835090, 3.2088932061, 0.9954066109, 3.2088932061, 0.9954066109, 2.8960711378, 1.0777603439, 2.8960711378, 1.0777603439, 2.8878211070, 0.9840575548, 2.8878211070, 0.9840575548, 3.1146666759, 0.9371498813, 3.1146666759, 0.9371498813, 3.2088932061, 0.9954066109, 3.1146666759, 0.9371498813, 3.0807340494, 0.8339067425, 3.0807340494, 0.8339067425, 2.9219618312, 0.7766462675, 2.9219618312, 0.7766462675, 2.6926013770, 0.7489987590, 2.9219618312, 0.7766462675, 2.7154271176, 0.7243017488, 2.8878211070, 0.9840575548, 2.5835498296, 0.9435997936, 2.5835498296, 0.9435997936, 2.4996260257, 0.9019617607, 2.4996260257, 0.9019617607, 2.3720158026, 0.8230389704, 2.4996260257, 0.9019617607, 2.3527648189, 0.8384971792, 2.5835498296, 0.9435997936, 2.5787015511, 1.0304267611, 2.5787015511, 1.0304267611, 2.2264605431, 1.0597365381, 2.2264605431, 1.0597365381, 2.4937533192, 1.1006359636, 2.4937533192, 1.1006359636, 2.8960711378, 1.0777603439,],
[ 6.0514032851,-0.7595729516, 5.8872976637,-0.7591406325, 5.8872976637,-0.7591406325, 5.7955022402,-0.8196173671, 5.7955022402,-0.8196173671, 5.9457502519,-0.8182900416, 5.9457502519,-0.8182900416, 6.0665774222,-0.7897029762, 6.0665774222,-0.7897029762, 6.0514032851,-0.7595729516, 5.9457502519,-0.8182900416, 6.0252310587,-0.9207328357, 5.9457502519,-0.8182900416, 5.9714402050,-0.8956454387, 5.7955022402,-0.8196173671, 5.7862685206,-0.6901563983, 5.7862685206,-0.6901563983, 5.7330905586,-0.6521391882,],
[ 4.6227875849, 0.8029618018, 4.6960395059, 0.6501442499, 4.6960395059, 0.6501442499, 4.5539256612, 0.6483186784, 4.5539256612, 0.6483186784, 4.5276957547, 0.6508567252, 4.5276957547, 0.6508567252, 4.5162470062, 0.6424409577, 4.5162470062, 0.6424409577, 4.3759577535, 0.6793250957, 4.3759577535, 0.6793250957, 4.3375932894, 0.7406635595, 4.3375932894, 0.7406635595, 4.2749256882, 0.8083190661, 4.2749256882, 0.8083190661, 4.1568066407, 0.7408920569, 4.3759577535, 0.6793250957, 4.3689574263, 0.5515569741, 4.3689574263, 0.5515569741, 4.3206543171, 0.3750651255, 4.3206543171, 0.3750651255, 4.2844374235, 0.3342832920, 4.3689574263, 0.5515569741, 4.4518554078, 0.5397664446, 4.4518554078, 0.5397664446, 4.5847107282, 0.4557160166, 4.5847107282, 0.4557160166, 4.5161793708, 0.4335325833, 4.6533182298, 0.4838488873, 4.7026319059, 0.5104725974, 4.7026319059, 0.5104725974, 4.7452993989, 0.5019998075, 4.4518554078, 0.5397664446, 4.5162470062, 0.6424409577, 4.6533182298, 0.4838488873, 4.5847107282, 0.4557160166,],
[ 1.1082899881,-0.7381673341, 0.7010100259,-0.9520757836, 0.7010100259,-0.9520757836, 0.8011718486,-1.0426181562,],
[ 2.2829987501, 0.0593179049, 2.2635065148, 0.0583197377, 2.2635065148, 0.0583197377, 2.2587038464, 0.0995500650, 2.2587038464, 0.0995500650, 2.2985001691, 0.1120310795, 2.2985001691, 0.1120310795, 2.3057239852, 0.1018903130, 2.3057239852, 0.1018903130, 2.2829987501, 0.0593179049, 2.3057239852, 0.1018903130, 2.3361002832, 0.1037690360, 2.3361002832, 0.1037690360, 2.4188658557, 0.0404048092, 2.4188658557, 0.0404048092, 2.4957433550,-0.0206761154, 2.4957433550,-0.0206761154, 2.4833736311,-0.0483273987, 2.4833736311,-0.0483273987, 2.4765677899,-0.1511225285, 2.4765677899,-0.1511225285, 2.5808098160,-0.2591211793, 2.5808098160,-0.2591211793, 2.6642012413,-0.2156151740, 2.6642012413,-0.2156151740, 2.7318406159,-0.2938453052, 2.7318406159,-0.2938453052, 2.8345188462,-0.2826409277, 2.8345188462,-0.2826409277, 3.0238017656,-0.5560186839, 3.0238017656,-0.5560186839, 3.1106538740,-0.5918085159, 3.1106538740,-0.5918085159, 3.4429006957,-0.4034847403, 3.4429006957,-0.4034847403, 3.4859499991,-0.4044174415,],
[ 0.1119339317,-1.3483547235, 0.9915092884,-1.2957192138, 0.9915092884,-1.2957192138, 0.6963299159,-1.1914830047, 0.6963299159,-1.1914830047, 0.6185027212,-1.1983330069, 0.6185027212,-1.1983330069, 0.5182080074,-1.0745979068,],
[ 5.5844633843,-0.9328656395, 5.3999025096,-0.8253952181, 5.3999025096,-0.8253952181, 5.4751400131,-1.0202164157, 5.4751400131,-1.0202164157, 5.5844633843,-0.9328656395,],
[ 5.8292666350, 0.6588397086, 5.8926141911, 0.7526451369, 5.8926141911, 0.7526451369, 5.8884371236, 0.8326423929, 5.8884371236, 0.8326423929, 5.8665603547, 0.8635260945, 5.8665603547, 0.8635260945, 5.8623890691, 0.9115767363, 5.8623890691, 0.9115767363, 5.8961131509, 0.8775943054, 5.8961131509, 0.8775943054, 5.8884371236, 0.8326423929,],
[ 1.6356161402,-0.1095146552, 1.6965381174,-0.1227499079, 1.6965381174,-0.1227499079, 1.8843636578,-0.0086006450, 1.8843636578,-0.0086006450, 1.6745050725, 0.0801601600, 1.6745050725, 0.0801601600, 1.6099138383, 0.0436284613, 1.8843636578,-0.0086006450, 2.1318947824,-0.0520767303, 2.1318947824,-0.0520767303, 2.0125738273,-0.1666978497,],
[ 1.5976550551,-0.2606699208, 1.5551115116,-0.2472789146, 1.5551115116,-0.2472789146, 1.5138803932,-0.2586917834, 1.5138803932,-0.2586917834, 1.4518095186,-0.3110576781, 1.4518095186,-0.3110576781, 1.3654200210,-0.2828380962, 1.4518095186,-0.3110576781, 1.5329192531,-0.3643813549, 1.5329192531,-0.3643813549, 1.5030175550,-0.3917825525, 1.5030175550,-0.3917825525, 1.4322409127,-0.3623169486, 1.4322409127,-0.3623169486, 1.3328244678,-0.3904451062, 1.4518095186,-0.3110576781, 1.4322409127,-0.3623169486, 1.3654200210,-0.2828380962, 1.3944108819,-0.2299781465, 1.3654200210,-0.2828380962, 1.3667298829,-0.2258680976, 1.3328244678,-0.3904451062, 1.3654200210,-0.2828380962, 1.3667298829,-0.2258680976, 1.3626576225,-0.2071556250, 1.3944108819,-0.2299781465, 1.3961929123,-0.2149478503,],
[ 3.0938781373, 0.2543352565, 2.9419299658, 0.2693001643, 2.9419299658, 0.2693001643, 2.6545337495, 0.2088669583, 2.6545337495, 0.2088669583, 2.6499882042, 0.2925637063, 2.6499882042, 0.2925637063, 2.7051266664, 0.3463057904, 2.7051266664, 0.3463057904, 2.9413460901, 0.3582119659, 2.9413460901, 0.3582119659, 3.0938781373, 0.2543352565, 2.7051266664, 0.3463057904, 2.6908180521, 0.4087094811, 2.6908180521, 0.4087094811, 2.5864294232, 0.4539092653, 2.5864294232, 0.4539092653, 2.5562603005, 0.4149394314, 2.9413460901, 0.3582119659, 2.9419299658, 0.2693001643,],
[ 4.1493415357,-0.5869036996, 4.2205097386,-0.6415051923, 4.2205097386,-0.6415051923, 4.1893240195,-0.6701478078, 4.1893240195,-0.6701478078, 4.1493415357,-0.5869036996, 4.1893240195,-0.6701478078, 4.0803223879,-0.7184943710, 4.0803223879,-0.7184943710, 4.0202449707,-0.7094319926, 4.0202449707,-0.7094319926, 4.0221430016,-0.6328767628, 4.0202449707,-0.7094319926, 3.9205879287,-0.7528279990, 4.0803223879,-0.7184943710, 4.0930387052,-0.7429427693, 4.0930387052,-0.7429427693, 3.9806017454,-0.9093003916, 3.9806017454,-0.9093003916, 3.8481436648,-0.8270790906, 3.9806017454,-0.9093003916, 3.8305069195,-0.8626422065, 3.8481436648,-0.8270790906, 3.7794233480,-0.7920175094, 3.8481436648,-0.8270790906, 3.9205879287,-0.7528279990,],
[ 2.4480758091, 0.6002628077, 2.4384189434, 0.6423317424, 2.4384189434, 0.6423317424, 2.3846861185, 0.6711183742, 2.3846861185, 0.6711183742, 2.3590125941, 0.7292586395, 2.3590125941, 0.7292586395, 2.1940337769, 0.7537792972, 2.1940337769, 0.7537792972, 1.9491590555, 0.8589052354, 1.9491590555, 0.8589052354, 1.8207128213, 1.0196747522, 1.8207128213, 1.0196747522, 1.6564185904, 1.0299345941,],
[ 4.8735545728, 0.6768909262, 4.9077448450, 0.6563319405, 4.9077448450, 0.6563319405, 4.9309037606, 0.5822885787, 4.9309037606, 0.5822885787, 4.9695795758, 0.5705403298, 4.9695795758, 0.5705403298, 4.9502110872, 0.6440021457, 4.9502110872, 0.6440021457, 4.9077448450, 0.6563319405,],
[ 2.7364694417,-0.5422354415, 2.6130735123,-0.6264149539,],
[ 5.5760540002,-0.5615158002, 5.5034203151,-0.5630042423, 5.5034203151,-0.5630042423, 5.4540142558,-0.5895665123,],
[ 3.3435323214,-1.1887104886, 3.0788020574,-1.1646380270, 3.0788020574,-1.1646380270, 3.2832632867,-1.2589579249, 3.2832632867,-1.2589579249, 3.3038416410,-1.2066426928, 3.3038416410,-1.2066426928, 3.3435323214,-1.1887104886,],
[ 5.6787539579,-1.3507009230, 5.9605701466,-1.4203771718, 5.9605701466,-1.4203771718, 3.7826914176,-1.4602795126, 3.7826914176,-1.4602795126, 5.6787539579,-1.3507009230,],
[ 3.8740292432,-1.3795904860, 4.3347771051,-1.3770117050, 4.3347771051,-1.3770117050, 4.3768072150,-1.3529194020,],
[ 4.6030153679, 0.2192234059, 4.6402761139, 0.0797077386, 4.4958708926,-0.2744556024, 4.6402761139, 0.0797077386, 4.6030153679, 0.2192234059, 4.4404281814, 0.1636256036, 4.4404281814, 0.1636256036, 4.2687292610,-0.0819014637, 4.2687292610,-0.0819014637, 4.3509262017,-0.1844315910, 4.3509262017,-0.1844315910, 4.4958708926,-0.2744556024, 4.4958708926,-0.2744556024, 4.5876670822,-0.4182259209,],
[ 1.4868405212,-0.0339043911, 1.4670083233,-0.0209774132, 1.4670083233,-0.0209774132, 1.4486523477,-0.0052201652, 1.5858759974, 0.3436659774, 1.6228941691, 0.2479905929, 1.6228941691, 0.2479905929, 1.6038355394, 0.2577593535, 1.6038355394, 0.2577593535, 1.5462951088, 0.3538901962, 1.6228941691, 0.2479905929, 1.5811948901, 0.1683783322, 1.5811948901, 0.1683783322, 1.5497279598, 0.1292771753, 1.5497279598, 0.1292771753, 1.4868405212,-0.0339043911, 1.4868405212,-0.0339043911, 1.5173738329,-0.1687663889, 1.5173738329,-0.1687663889, 1.3724302998,-0.1431456148, 1.3724302998,-0.1431456148, 1.4486523477,-0.0052201652, 1.4486523477,-0.0052201652, 1.4186521954, 0.1108237749, 1.4186521954, 0.1108237749, 1.4623152277, 0.1733838532, 1.4623152277, 0.1733838532, 1.5497279598, 0.1292771753, 1.4186521954, 0.1108237749, 1.2646465369, 0.1214966851, 1.2646465369, 0.1214966851, 1.2706263129, 0.0978274735, 1.2706263129, 0.0978274735, 1.2801084958, 0.0437774828, 1.2801084958, 0.0437774828, 1.3026630561, 0.0299155508, 1.2646465369, 0.1214966851, 1.2680342178, 0.1553387203, 1.2680342178, 0.1553387203, 1.2867224783, 0.1771709011, 1.6038355394, 0.2577593535, 1.5811948901, 0.1683783322,],
[ 5.3478960649,-0.9902104680, 5.6131601046,-1.1408893452, 5.6131601046,-1.1408893452, 5.4321595407,-1.1554644831, 5.4321595407,-1.1554644831, 5.2739384964,-1.1550470499, 5.2739384964,-1.1550470499, 5.3478960649,-0.9902104680, 5.2739384964,-1.1550470499, 5.2385616252,-1.2725227738, 5.2385616252,-1.2725227738, 4.9001670491,-1.2466490398, 4.9001670491,-1.2466490398, 4.9608831877,-1.1734465592, 4.9608831877,-1.1734465592, 5.2739384964,-1.1550470499, 4.9608831877,-1.1734465592, 4.9402298308,-1.0853776876, 4.9402298308,-1.0853776876, 4.8137359490,-1.0732711118, 4.8137359490,-1.0732711118, 4.7498256304,-1.1112170736, 4.7498256304,-1.1112170736, 4.9402298308,-1.0853776876, 4.7498256304,-1.1112170736, 4.6501390773,-1.1296422722,],
[ 0.0577522202, 0.2650040933, 6.0421565690, 0.2653837274, 6.0378453479, 0.4901312897, 5.9472187740, 0.5274613190, 5.9472187740, 0.5274613190, 5.7998509627, 0.5789693071, 6.0378453479, 0.4901312897, 5.9777599832, 0.4293803987, 5.9777599832, 0.4293803987, 5.9626150389, 0.4112986917, 5.9626150389, 0.4112986917, 5.7901643051, 0.4423545037, 5.7901643051, 0.4423545037, 5.6925880016, 0.4475897395, 6.0421565690, 0.2653837274, 5.9633131013, 0.2124778460, 5.9633131013, 0.2124778460, 5.9404953522, 0.1890434350, 5.9404953522, 0.1890434350, 5.8040793159, 0.1081718284, 5.8040793159, 0.1081718284, 5.6905834997, 0.1723513960, 0.0365914186, 0.5077307372, 6.0378453479, 0.4901312897, 0.0365914186, 0.5077307372, 0.0577522202, 0.2650040933, 6.0378453479, 0.4901312897, 6.0421565690, 0.2653837274,],
[ 1.7810748356,-1.0810914905, 1.5264051001,-0.9802901529, 1.5264051001,-0.9802901529, 1.5153154641,-0.8912822871,],
[ 0.9787752922, 0.5635366801, 1.0215934628, 0.5564748061, 1.0215934628, 0.5564748061, 1.0426814891, 0.6246712676, 1.0426814891, 0.6246712676, 1.0378325027, 0.6983110005, 1.0378325027, 0.6983110005, 0.9726925032, 0.8340518896, 0.9726925032, 0.8340518896, 0.8915249885, 0.8702428603, 0.8915249885, 0.8702428603, 0.8063268603, 0.9338637261, 0.8063268603, 0.9338637261, 0.7448041834, 0.9755610262, 0.8915249885, 0.8702428603, 0.8210414333, 0.7148109521, 0.8210414333, 0.7148109521, 0.8079781482, 0.6778951858, 0.8079781482, 0.6778951858, 0.7443039667, 0.6687911179,],
[ 5.5429090802, 0.1768358642, 5.5609673499, 0.1746676430, 5.5609673499, 0.1746676430, 5.5976768255, 0.1188763523, 5.5976768255, 0.1188763523, 5.5668292305, 0.0915961702, 5.5668292305, 0.0915961702, 5.5429090802, 0.1768358642,],
[ 2.0041134442, 0.0912372189, 1.9510651917, 0.1446774771,],
[ 2.8506055401, 0.5971742861, 2.7396645982, 0.6406663534, 2.7396645982, 0.6406663534, 2.6504079273, 0.6151359185, 2.6504079273, 0.6151359185, 2.5055202786, 0.6352581938, 2.6504079273, 0.6151359185, 2.8506055401, 0.5971742861,],
[ 5.0994456248, 0.4304883328, 5.2407881470, 0.4843910704,],
[ 0.6622851337, 1.5579531082, 4.5911538344, 1.5112165367, 4.5911538344, 1.5112165367, 4.3893692379, 1.4318201239, 4.3893692379, 1.4318201239, 4.1192289425, 1.3577701468, 4.1192289425, 1.3577701468, 4.2651847957, 1.3221690065, 4.2651847957, 1.3221690065, 4.0174388121, 1.2537393443, 4.0174388121, 1.2537393443, 3.8864406714, 1.2942572177, 3.8864406714, 1.2942572177, 4.1192289425, 1.3577701468,],
[ 0.2983829537,-0.9642216752, 0.2883508108,-0.8153915713, 0.2883508108,-0.8153915713, 0.1143275139,-0.7623582379, 0.1143275139,-0.7623582379, 0.2983829537,-0.9642216752, 0.2883508108,-0.8153915713, 0.3981518924,-0.8564867686, 0.3981518924,-0.8564867686, 0.4958785616,-0.8081301415, 0.4958785616,-0.8081301415, 0.2883508108,-0.8153915713, 0.2883508108,-0.8153915713, 0.3855680843,-0.7560369968, 0.3855680843,-0.7560369968, 0.1143275139,-0.7623582379, 0.1143275139,-0.7623582379, 0.1146730467,-0.7383636553, 0.1146730467,-0.7383636553, 0.0410545044,-0.7984355691, 0.0410545044,-0.7984355691, 0.1143275139,-0.7623582379,],
[ 0.2740957131, 0.5550903905, 0.3217903630, 0.4290676311, 0.2740957131, 0.5550903905, 0.3467371309, 0.4758480839, 0.3467371309, 0.4758480839, 0.3217903630, 0.4290676311, 0.3217903630, 0.4290676311, 0.3991708965, 0.2678352776, 0.3991708965, 0.2678352776, 0.4598643490, 0.1598309944, 0.4598643490, 0.1598309944, 0.5325290992, 0.0482367341, 0.5325290992, 0.0482367341, 0.4954798082, 0.0556319937, 0.4954798082, 0.0556319937, 0.4425796899, 0.0957767696, 0.4425796899, 0.0957767696, 0.3934948878, 0.1072318645, 0.3934948878, 0.1072318645, 0.2746461629, 0.1377077463, 0.2746461629, 0.1377077463, 0.2107008402, 0.1274076356, 0.2107008402, 0.1274076356, 0.0898745824, 0.1429467985, 0.0898745824, 0.1429467985, 6.2801747815, 0.1197923082, 6.2801747815, 0.1197923082, 6.1956876108, 0.0982158586, 6.1956876108, 0.0982158586, 6.2048550622, 0.0310741470, 6.2048550622, 0.0310741470, 6.1388978678, 0.0219184994, 6.1388978678, 0.0219184994, 6.0962528019, 0.0572859845, 6.0962528019, 0.0572859845, 6.1434257276, 0.1113362511, 6.1434257276, 0.1113362511, 6.1956876108, 0.0982158586,],
[ 6.0111194213,-0.5169985827, 5.9369792909,-0.4720001247, 5.9369792909,-0.4720001247, 5.7632382726,-0.4966114036, 5.7632382726,-0.4966114036, 5.7060757051,-0.5392771747, 5.7060757051,-0.5392771747, 5.8038367094,-0.5680774521, 5.8038367094,-0.5680774521, 5.8970522677,-0.5645446875, 5.8970522677,-0.5645446875, 6.0037066048,-0.5679249405,],
[ 2.0150695931,-1.2672161175, 1.8707620463,-1.2304430560, 1.8707620463,-1.2304430560, 2.1289992235,-1.1975949534, 2.1289992235,-1.1975949534, 2.0150695931,-1.2672161175, 2.1289992235,-1.1975949534, 1.9060326796,-1.1860764138, 2.1289992235,-1.1975949534, 2.2066958591,-1.1543000348, 2.2066958591,-1.1543000348, 2.3668700027,-1.1588260808, 2.3668700027,-1.1588260808, 2.1289992235,-1.1975949534,],
[ 2.1273165334,-0.4241924449, 2.0465219238,-0.4348006743, 2.0465219238,-0.4348006743, 1.9073950090,-0.6474732902, 1.9073950090,-0.6474732902, 1.7355606227,-0.7539110968, 1.7355606227,-0.7539110968, 1.7886815487,-0.8833879239, 1.7886815487,-0.8833879239, 1.9601413383,-0.7557605692, 1.9601413383,-0.7557605692, 2.1100354460,-0.6981873479, 2.1100354460,-0.6981873479, 2.1273165334,-0.4241924449,],
[ 1.1101334814,-1.0903766289, 1.1191257348,-1.0350107657, 1.1191257348,-1.0350107657, 1.0417243082,-1.0716347894, 1.0417243082,-1.0716347894, 0.9782246829,-1.1310971725, 0.9782246829,-1.1310971725, 1.1101334814,-1.0903766289,],
[ 4.8039912526,-0.5205974986, 4.8344361918,-0.4436844643, 4.7893092322,-0.6416053924, 4.8178611373,-0.6001195009, 4.8178611373,-0.6001195009, 4.7377344027,-0.5309928658, 4.7377344027,-0.5309928658, 4.6581112049,-0.4857384391, 4.7377344027,-0.5309928658, 4.8039912526,-0.5205974986, 4.8039912526,-0.5205974986, 4.8178611373,-0.6001195009, 4.8178611373,-0.6001195009, 4.9855855848,-0.5215063808, 4.9855855848,-0.5215063808, 4.9116003502,-0.4710779647, 4.9116003502,-0.4710779647, 4.8039912526,-0.5205974986, 4.9116003502,-0.4710779647, 4.8344361918,-0.4436844643, 4.8344361918,-0.4436844643, 4.7724434803,-0.3675459292, 4.9855855848,-0.5215063808, 5.0044729068,-0.4829293709, 5.0044729068,-0.4829293709, 4.9535292437,-0.4589621517, 4.9535292437,-0.4589621517, 4.9116003502,-0.4710779647, 4.9535292437,-0.4589621517, 4.9642821156,-0.3683800742, 4.9642821156,-0.3683800742, 4.9946184524,-0.3794582188, 4.9946184524,-0.3794582188, 5.0511345200,-0.3307901939, 5.0511345200,-0.3307901939, 5.0687543266,-0.3114932973, 5.0044729068,-0.4829293709, 5.1313879480,-0.4314282444, 5.1313879480,-0.4314282444, 5.2475839593,-0.4836286353, 5.2475839593,-0.4836286353, 5.2348368812,-0.6156866089, 5.2348368812,-0.6156866089, 5.2153113639,-0.7307416679, 5.2153113639,-0.7307416679, 5.0784100789,-0.7088767591, 5.2153113639,-0.7307416679, 5.0754945956,-0.7819013566,],
[ 4.5972355280,-0.6475825794, 4.6359784471,-0.6812006283, 4.6359784471,-0.6812006283, 4.6582169509,-0.7003479526, 4.6582169509,-0.7003479526, 4.6134233893,-0.7504535374, 4.6134233893,-0.7504535374, 4.5036167720,-0.7546540224, 4.5036167720,-0.7546540224, 4.4243898223,-0.7393567228, 4.4243898223,-0.7393567228, 4.4151186082,-0.6640511238, 4.4151186082,-0.6640511238, 4.4077013945,-0.5985189437, 4.4077013945,-0.5985189437, 4.3453578306,-0.4924614315, 4.3453578306,-0.4924614315, 4.3171059089,-0.4613244851, 4.3171059089,-0.4613244851, 4.1902454992,-0.3948217575, 4.3171059089,-0.4613244851, 4.1837811576,-0.4557760267, 4.3171059089,-0.4613244851, 4.2125146985,-0.3456693411,],
[ 4.1435036788,-0.0598672580, 4.1487124430, 0.0781485099, 4.1487124430, 0.0781485099, 4.1201402784, 0.1121464762, 4.1201402784, 0.1121464762, 4.0788482810, 0.1839377915, 4.0788482810, 0.1839377915, 4.1285192430, 0.2691633862, 4.1285192430, 0.2691633862, 4.1732999950, 0.2734011715, 4.1732999950, 0.2734011715, 4.1396598125, 0.3166337791, 4.1396598125, 0.3166337791, 4.1285192430, 0.2691633862, 4.9576921200, 0.0733654477, 4.8053947027,-0.0505643176, 4.8053947027,-0.0505643176, 4.6312978188,-0.2247141594, 4.6312978188,-0.2247141594, 4.6145942048,-0.2687529224, 4.6145942048,-0.2687529224, 4.5414656527,-0.2242203939,],
[ 2.7501664285,-0.0111172549, 2.6526310683,-0.0064861385,],
[ 1.4480896390,-1.3324133806, 1.2351074675,-1.2379814468,],
[ 1.4237158306, 0.4993015867, 1.2315263871, 0.4006748128, 1.2315263871, 0.4006748128, 1.1720564593, 0.3347632442, 1.2039281519, 0.2881496983, 1.4732530972, 0.3690078584, 1.1335574543, 0.2727548212, 1.1472650833, 0.3061758580, 1.1335574543, 0.2727548212, 1.0501661024, 0.2179981788, 1.0501661024, 0.2179981788, 0.8936694857, 0.1575869018, 1.2039281519, 0.2881496983, 1.1720564593, 0.3347632442, 1.2039281519, 0.2881496983, 1.1722558422, 0.2770002773, 1.1722558422, 0.2770002773, 1.1335574543, 0.2727548212, 1.1720564593, 0.3347632442, 1.1584126530, 0.3129024350, 1.1584126530, 0.3129024350, 1.1472650833, 0.3061758580, 1.1472650833, 0.3061758580, 0.9999086753, 0.4198131927,],
[ 4.8381789279,-0.8564336043, 4.8300845506,-0.8022986967,],
[ 5.8403209499,-1.0517265895, 6.0974395084,-1.0164086771, 6.0974395084,-1.0164086771, 0.0874056696,-1.1323281358, 6.0974395084,-1.0164086771, 0.1376309022,-1.0988258828,],
[ 0.5931425134, 0.5822239643, 0.5652336717, 0.6106451889, 0.5652336717, 0.6106451889, 0.4934118400, 0.5162578708, 0.4934118400, 0.5162578708, 0.5931425134, 0.5822239643,],
[ 4.4011288350,-1.2047595072, 4.0095077154,-1.1986828347, 4.0095077154,-1.1986828347, 4.1676141330,-1.1070579781, 4.1676141330,-1.1070579781, 4.4011288350,-1.2047595072,],
[ 5.6354878559,-0.0972350084, 5.7848229225,-0.0055820216, 5.7848229225,-0.0055820216, 5.8540742823,-0.0242138789, 5.8540742823,-0.0242138789, 5.8853811479,-0.0003502047, 5.8853811479,-0.0003502047, 5.9138539234,-0.0020483403, 5.9138539234,-0.0020483403, 5.9891601885,-0.1322903488, 5.9891601885,-0.1322903488, 6.0907101767,-0.1586102111, 6.0907101767,-0.1586102111, 6.1216188254,-0.3508172030, 5.7848229225,-0.0055820216, 5.8330333615,-0.1358431158, 5.8330333615,-0.1358431158, 5.7876721702,-0.2420691450, 5.8330333615,-0.1358431158, 5.8933089527,-0.1863642637, 5.8933089527,-0.1863642637, 5.9759717102,-0.2372345337, 5.9759717102,-0.2372345337, 5.9980450016,-0.2761243435, 5.9980450016,-0.2761243435, 6.0626020265,-0.3695295838, 5.4440115501,-0.1657310527, 5.6354878559,-0.0972350084,],
[ 3.0798931342, 0.1139667516, 3.2230630262,-0.0137382663, 3.2230630262,-0.0137382663, 3.3233979411,-0.0252989299, 3.3233979411,-0.0252989299, 3.5133190262,-0.1948004728, 3.5133190262,-0.1948004728, 3.7214594688,-0.1793158931, 3.7214594688,-0.1793158931, 3.7350689537,-0.1047114831, 3.7350689537,-0.1047114831, 3.8530733801,-0.0987407647, 3.5133190262,-0.1948004728, 3.5547815209,-0.0104010854, 3.5547815209,-0.0104010854, 3.6723751468, 0.0269580679, 3.6723751468, 0.0269580679, 3.8669945359, 0.0330380071, 3.5547815209,-0.0104010854, 3.3842285625, 0.0592992848, 3.3842285625, 0.0592992848, 3.4129012157, 0.1912724110, 3.3842285625, 0.0592992848, 3.3233979411,-0.0252989299,],
[ 2.1359888699,-0.8261797305, 2.2702086018,-0.9236626696, 2.2702086018,-0.9236626696, 2.2894499954,-0.9548446415, 2.2894499954,-0.9548446415, 2.4526842330,-0.9601177539, 2.4526842330,-0.9601177539, 2.6043043033,-0.9523877276, 2.6043043033,-0.9523877276, 2.8220608340,-0.8625438986, 2.8220608340,-0.8625438986, 2.7807645029,-0.8416957894, 2.7807645029,-0.8416957894, 2.6823000812,-0.7351686827, 2.6823000812,-0.7351686827, 2.4901567308,-0.7062804417, 2.4901567308,-0.7062804417, 2.3910848699,-0.7580422876, 2.3910848699,-0.7580422876, 2.1359888699,-0.8261797305,],
