   677, 0.0365914186, 0.5077307372, 2.0371
   746, 0.0400036499, 1.0323660584, 2.3579
   765, 0.0410545044,-0.7984355691, 4.0452
  1067, 0.0577522202, 0.2650040933, 2.7544
  1562, 0.0847708677,-0.1540048781, 3.7314
  1599, 0.0874056696,-1.1323281358, 4.3442
  1645, 0.0898745824, 0.1429467985, 5.5386
  2021, 0.1119339317,-1.3483547235, 2.9305
  2072, 0.1143275139,-0.7623582379, 3.9946
  2081, 0.1146730467,-0.7383636553, 2.5512
  2484, 0.1376309022,-1.0988258828, 4.3328
  3092, 0.1715947657, 0.5386300044, 3.4328
  3179, 0.1767427477, 0.9867639420, 2.4107
  3419, 0.1901847668,-0.3139268585, 2.2061
  3760, 0.2107008402, 0.1274076356, 6.0874
  3881, 0.2173538326, 0.7169630129, 4.4853
  4427, 0.2474368608, 1.0597071908, 2.1379
  4436, 0.2476256935, 0.6719387630, 3.9034
  4577, 0.2557158849,-0.5123844106, 4.2628
  4889, 0.2740957131, 0.5550903905, 5.4945
  4906, 0.2746461629, 0.1377077463, 4.4267
  5165, 0.2883508108,-0.8153915713, 3.4646
  5348, 0.2983829537,-0.9642216752, 3.9219
  5364, 0.2992704213,-0.1777081665, 3.6235
  5447, 0.3042543513, 0.6217007721, 2.1741
  5742, 0.3217903630, 0.4290676311, 4.8340
  6193, 0.3467371309, 0.4758480839, 4.7736
  6537, 0.3666246783,-0.1428159978, 3.7757
  6686, 0.3744169753, 1.0513061203, 2.7146
  6867, 0.3855680843,-0.7560369968, 3.5329
  7007, 0.3934948878, 0.1072318645, 4.9799
  7083, 0.3981518924,-0.8564867686, 4.0987
  7097, 0.3991708965, 0.2678352776, 3.7914
  7588, 0.4263513349,-0.9989681672, 0.4233
  7884, 0.4425796899, 0.0957767696, 4.5914
  8102, 0.4541584879,-0.2781977287, 3.6295
  8198, 0.4598643490, 0.1598309944, 4.4267
  8645, 0.4863367693,-0.1803788229, 3.9067
  8796, 0.4934118400, 0.5162578708, 3.5210
  8832, 0.4953655907, 0.3367454416, 3.8584
  8833, 0.4954798082, 0.0556319937, 4.7687
  8837, 0.4958785616,-0.8081301415, 4.4099
  8886, 0.4991411472, 1.1112536973, 3.3107
  8903, 0.5002076818, 0.3631733438, 2.7044
  9007, 0.5059151382,-0.9007572172, 3.8511
  9236, 0.5182080074,-1.0745979068, 2.9305
  9487, 0.5325290992, 0.0482367341, 3.8281
  9640, 0.5406098378, 0.7387952238, 2.2409
  9884, 0.5548900421, 0.4095027186, 2.1726
 10064, 0.5652336717, 0.6106451889, 3.0625
 10324, 0.5803227759, 0.1544049601, 4.5172
 10559, 0.5931425134, 0.5822239643, 5.2580
 10602, 0.5956299907,-0.8990559484, 3.5211
 10826, 0.6080135631,-0.0519595123, 4.9898
 11001, 0.6185027212,-1.1983330069, 4.0980
 11345, 0.6368279080,-0.2145088552, 4.8772
 11407, 0.6413434159,-0.8325888425, 4.2002
 11484, 0.6464639924, 0.1476564024, 4.2725
 11767, 0.6622851337, 1.5579531082, 2.1077
 11783, 0.6636088945,-0.2660635556, 4.8432
 12093, 0.6801321877, 0.0976215260, 5.0189
 12387, 0.6958735570, 0.0057336988, 4.0081
 12390, 0.6962214515,-0.2071981974, 4.9262
 12394, 0.6963299159,-1.1914830047, 4.0933
 12413, 0.6972531912,-0.7486002179, 4.7613
 12484, 0.7010100259,-0.9520757836, 5.3052
 12486, 0.7010356176,-0.6956063706, 4.2751
 12706, 0.7125397178, 0.0564818484, 3.5001
 12770, 0.7161198247,-0.2418795264, 4.2067
 12828, 0.7196845878, 0.1765264478, 4.3439
 12843, 0.7203832993,-0.3241538951, 4.5718
 13147, 0.7377913574,-0.5655963496, 4.6193
 13209, 0.7416914391, 0.4757905498, 3.5831
 13254, 0.7443039667, 0.6687911179, 4.3081
 13268, 0.7448041834, 0.9755610262, 3.8960
 13701, 0.7698068323,-0.1552925886, 4.0583
 13847, 0.7778143958,-0.7034503238, 2.9378
 13954, 0.7841543489, 0.1554634808, 4.6767
 14135, 0.7953450247, 0.0713826671, 2.6196
 14146, 0.7958405515,-0.4123224482, 4.1328
 14240, 0.8011718486,-1.0426181562, 5.2076
 14328, 0.8063268603, 0.9338637261, 3.0586
 14354, 0.8079781482, 0.6778951858, 3.2889
 14576, 0.8210414333, 0.7148109521, 2.0969
 14879, 0.8380692937,-0.5059553529, 3.9821
 15197, 0.8544860597,-0.1539352543, 4.8647
 15474, 0.8705534791,-0.3797477351, 3.7303
 15510, 0.8721719177,-0.7517403453, 4.3950
 15863, 0.8915249885, 0.8702428603, 1.8972
 15900, 0.8936694857, 0.1575869018, 3.7700
 16228, 0.9122352084, 1.0461561949, 4.3087
 16537, 0.9291276019,-0.1650785820, 3.8652
 16611, 0.9328237929,-0.3775638610, 4.2359
 17358, 0.9726925032, 0.8340518896, 2.9703
 17378, 0.9741086905,-0.1704348693, 3.6796
 17440, 0.9782246829,-1.1310971725, 4.0019
 17448, 0.9787752922, 0.5635366801, 3.8583
 17651, 0.9898190548,-0.4057617865, 4.3164
 17678, 0.9915092884,-1.2957192138, 3.3420
 17797, 0.9974427534,-0.6565951040, 4.2697
 17847, 0.9999086753, 0.4198131927, 3.6084
 17874, 1.0011849147,-0.6318111537, 4.3280
 17959, 1.0051260843, 1.2449846782, 4.6368
 18246, 1.0215934628, 0.5564748061, 2.8980
 18505, 1.0359573047, 1.1008184155, 4.9464
 18532, 1.0378325027, 0.6983110005, 2.8348
 18597, 1.0417243082,-1.0716347894, 4.6497
 18614, 1.0426814891, 0.6246712676, 4.0307
 18724, 1.0501661024, 0.2179981788, 3.3774
 19747, 1.1082899881,-0.7381673341, 4.0124
 19780, 1.1101334814,-1.0903766289, 3.4953
 19893, 1.1171191805,-0.8986193425, 4.3338
 19921, 1.1191257348,-1.0350107657, 4.5977
 20042, 1.1252732932,-0.5898921671, 3.5167
 20205, 1.1335574543, 0.2727548212, 3.8123
 20455, 1.1472650833, 0.3061758580, 3.9308
 20535, 1.1520747736,-0.5937084108, 4.0941
 20648, 1.1584126530, 0.3129024350, 4.3212
 20889, 1.1720564593, 0.3347632442, 3.6992
 20894, 1.1722558422, 0.2770002773, 3.4597
 21060, 1.1817404512,-0.7845908345, 5.0008
 21281, 1.1955300582,-0.9607165832, 3.2372
 21393, 1.2023189036,-0.5334129483, 3.9730
 21421, 1.2039281519, 0.2881496983, 1.0024
 21444, 1.2056691238,-0.0585112558, 3.8713
 21594, 1.2137943890,-0.2496446877, 4.0248
 21770, 1.2241901557,-0.7306571369, 4.5287
 21861, 1.2307077369,-0.6482984674, 5.1297
 21881, 1.2315263871, 0.4006748128, 4.2366
 21949, 1.2351074675,-1.2379814468, 5.4909
 22109, 1.2457390124,-0.0568039198, 3.9696
 22449, 1.2646465369, 0.1214966851, 3.2862
 22509, 1.2680342178, 0.1553387203, 4.3669
 22549, 1.2706263129, 0.0978274735, 3.6236
 22701, 1.2779941042,-0.0951685423, 4.4373
 22730, 1.2801084958, 0.0437774828, 5.4049
 22783, 1.2830359363, 1.1578978524, 4.2940
 22845, 1.2867224783, 0.1771709011, 4.6861
 23015, 1.2958790703, 0.5788582689, 2.8337
 23123, 1.3026630561, 0.0299155508, 4.6307
 23453, 1.3198092592, 0.7169095101, 3.8549
 23685, 1.3328244678,-0.3904451062, 3.3215
 23875, 1.3432514979,-0.0887720313, 2.8258
 23972, 1.3489055650,-0.1527874491, 4.1942
 24244, 1.3626576225,-0.2071556250, 4.4260
 24305, 1.3654200210,-0.2828380962, 3.2528
 24327, 1.3667298829,-0.2258680976, 4.3328
 24436, 1.3724302998,-0.1431456148, 0.1930
 24608, 1.3818132039, 0.8028345096, 0.2385
 24845, 1.3944108819,-0.2299781465, 4.2020
 24873, 1.3961929123,-0.2149478503, 5.2570
 25110, 1.4074464129, 1.3828375774, 5.1900
 25336, 1.4186521954, 0.1108237749, 1.5493
 25428, 1.4237158306, 0.4993015867, 1.6151
 25606, 1.4322409127,-0.3623169486, 2.9674
 25859, 1.4451861014,-0.6190758935, 4.0314
 25918, 1.4480896390,-1.3324133806, 5.3394
 25930, 1.4486523477,-0.0052201652, 2.1361
 25985, 1.4518095186,-0.3110576781, 2.6426
 26069, 1.4557148642,-1.0906537318, 3.9030
 26207, 1.4623152277, 0.1733838532, 3.3298
 26311, 1.4670083233,-0.0209774132, 1.6235
 26451, 1.4732530972, 0.3690078584, 2.9184
 26634, 1.4819983319,-0.5947043514, 2.6124
 26727, 1.4868405212,-0.0339043911, 1.6812
 27072, 1.5030175550,-0.3917825525, 3.6977
 27100, 1.5043588521,-1.1473016199, 4.3927
 27288, 1.5138803932,-0.2586917834, 3.5778
 27321, 1.5153154641,-0.8912822871, 3.9077
 27366, 1.5173738329,-0.1687663889, 2.0065
 27530, 1.5264051001,-0.9802901529, 4.6622
 27628, 1.5313484549,-0.6242919202, 3.2833
 27654, 1.5329192531,-0.3643813549, 3.9262
 27890, 1.5450454619,-1.1011460457, 4.8015
 27913, 1.5462951088, 0.3538901962, 4.5219
 27989, 1.5497279598, 0.1292771753, 0.4997
 28103, 1.5551115116,-0.2472789146, 3.7888
 28199, 1.5600488723,-0.6158098753, 4.3092
 28328, 1.5670722719,-0.7472645958, 4.1205
 28360, 1.5687433430, 0.7844807290, 1.9038
 28380, 1.5695773717, 0.6494852553, 2.6103
 28614, 1.5811948901, 0.1683783322, 4.1792
 28691, 1.5858759974, 0.3436659774, 5.1135
 28734, 1.5887744152, 0.4060269757, 4.3198
 28910, 1.5976550551,-0.2606699208, 4.6890
 29038, 1.6038355394, 0.2577593535, 4.3588
 29151, 1.6099138383, 0.0436284613, 5.7324
 29426, 1.6228941691, 0.2479905929, 4.3991
 29651, 1.6356161402,-0.1095146552, 4.1465
 29655, 1.6357150549, 0.3928181795, 3.2945
 29807, 1.6430191653,-0.6133214618, 4.5365
 30060, 1.6564185904, 1.0299345941, 4.4594
 30122, 1.6594290263,-0.5247049047, 2.9524
 30277, 1.6672872363,-0.5835730521, 3.9932
 30324, 1.6698428407,-0.3133898686, 1.8911
 30343, 1.6709775899, 0.3929408129, 2.9141
 30419, 1.6745050725, 0.0801601600, 4.4559
 30438, 1.6753045113,-0.9197137785,-0.5536
 30867, 1.6965381174,-0.1227499079, 3.7921
 30883, 1.6971720090, 0.3527688585, 4.0991
 31416, 1.7237584259,-0.4008119534, 4.5330
 31592, 1.7308574846,-0.3360755280, 4.1200
 31681, 1.7353446674, 0.2862237699, 1.9290
 31685, 1.7355606227,-0.7539110968, 3.1395
 32246, 1.7624865547, 0.4386214075, 3.1915
 32349, 1.7678185359,-0.2916993748,-1.0876
 32362, 1.7684136731, 0.2250786224, 3.4417
 32607, 1.7810748356,-1.0810914905, 3.3114
 32759, 1.7882691106,-0.5673801423, 3.4644
 32768, 1.7886815487,-0.8833879239, 3.1077
 33018, 1.8011317943, 0.5927377222, 3.6405
 33160, 1.8072506712,-0.2101130761, 4.2092
 33165, 1.8073645440,-0.4176284584, 6.6371
 33347, 1.8157406554,-0.2976527589, 4.3690
 33449, 1.8207128213, 1.0196747522, 4.5021
 33579, 1.8265995338,-0.5056583510, 1.4160
 33856, 1.8400971203,-0.4875549628, 3.5847
 33977, 1.8457928417,-0.4159695755, 3.0050
 34045, 1.8489940380,-0.2728518335, 4.0738
 34088, 1.8505242699, 0.3590194508, 4.1689
 34444, 1.8692102558,-0.4606483732, 1.9628
 34481, 1.8707620463,-1.2304430560, 3.9295
 34693, 1.8812025158, 0.5278797345, 4.5603
 34769, 1.8843636578,-0.0086006450, 4.1544
 35037, 1.8972210119,-0.4672715214, 3.9854
 35228, 1.9060326796,-1.1860764138, 4.1197
 35264, 1.9073950090,-0.6474732902, 2.8296
 35350, 1.9115432695, 0.2886857528, 3.6148
 35550, 1.9203995423, 0.3836642074, 3.6031
 35904, 1.9377303527,-0.5114359187, 2.4215
 36046, 1.9448550159, 0.4851716099, 3.9507
 36145, 1.9491590555, 0.8589052354, 4.6188
 36188, 1.9510651917, 0.1446774771, 2.8546
 36377, 1.9601413383,-0.7557605692, 3.3757
 36850, 1.9835670383, 0.5565616766, 1.5811
 36962, 1.9893387913, 0.4694238089, 4.1682
 37279, 2.0041134442, 0.0912372189, 0.4607
 37447, 2.0125738273,-0.1666978497, 4.0986
 37504, 2.0150695931,-1.2672161175, 4.1071
 37740, 2.0265358685, 0.4258276839, 3.7285
 37826, 2.0303534384, 0.4891513905, 1.2947
 38146, 2.0465219238,-0.4348006743, 5.4547
 39429, 2.1100354460,-0.6981873479, 2.1364
 39757, 2.1273165334,-0.4241924449, 2.9157
 39794, 2.1289992235,-1.1975949534, 4.3109
 39863, 2.1318947824,-0.0520767303, 4.5220
 39953, 2.1359888699,-0.8261797305, 1.7034
 40526, 2.1664589236, 0.1603200729, 3.6714
 40702, 2.1752087028,-1.3425069551, 4.1488
 40843, 2.1819431676, 0.4750545623, 5.2335
 41037, 2.1926327481,-1.0386373711, 1.9996
 41075, 2.1940337769, 0.7537792972, 4.3649
 41312, 2.2066958591,-1.1543000348, 3.9319
 41704, 2.2264605431, 1.0597365381, 3.5041
 42313, 2.2587038464, 0.0995500650, 4.1512
 42402, 2.2635065148, 0.0583197377, 4.6208
 42515, 2.2693742935,-0.6162461035, 4.1264
 42536, 2.2702086018,-0.9236626696, 3.5371
 42568, 2.2716213078,-1.0430264725, 4.2809
 42799, 2.2829987501, 0.0593179049, 4.2274
 42806, 2.2832697676, 0.3746976891, 4.6734
 42828, 2.2846030842,-0.5792121459, 3.6188
 42911, 2.2893709279, 0.3168621473, 4.1036
 42913, 2.2894499954,-0.9548446415, 1.9511
 43103, 2.2981502385, 0.5019567842, 4.1992
 43109, 2.2985001691, 0.1120310795, 3.5004
 43234, 2.3057239852, 0.1018903130, 4.3465
 43409, 2.3148891877,-0.4836317594, 4.1794
 43813, 2.3361002832, 0.1037690360, 3.2803
 44066, 2.3495911061, 0.2069571695, 4.3023
 44127, 2.3527648189, 0.8384971792, 3.1880
 44248, 2.3590125941, 0.7292586395, 4.0591
 44382, 2.3668700027,-1.1588260808, 4.0505
 44471, 2.3720158026, 0.8230389704, 3.5778
 44700, 2.3846861185, 0.6711183742, 4.7278
 44816, 2.3910848699,-0.7580422876, 2.3385
 45080, 2.4040532521,-1.0291670805, 3.3666
 45238, 2.4138078641,-1.2167994397, 1.6625
 45336, 2.4188658557, 0.0404048092, 3.8713
 45556, 2.4307657471,-1.0345484720, 2.2822
 45688, 2.4384189434, 0.6423317424, 3.8299
 45860, 2.4480758091, 0.6002628077, 3.2520
 45941, 2.4526842330,-0.9601177539, 2.4131
 46390, 2.4765677899,-0.1511225285, 2.1350
 46509, 2.4833736311,-0.0483273987, 4.6967
 46651, 2.4901567308,-0.7062804417, 3.6577
 46733, 2.4937533192, 1.1006359636, 3.7327
 46776, 2.4957433550,-0.0206761154, 4.5926
 46853, 2.4996260257, 0.9019617607, 3.2770
 46952, 2.5055202786, 0.6352581938, 4.6970
 47908, 2.5562603005, 0.4149394314, 3.1168
 48319, 2.5787015511, 1.0304267611, 3.8476
 48356, 2.5808098160,-0.2591211793, 4.2725
 48402, 2.5835498296, 0.9435997936, 4.5812
 48455, 2.5864294232, 0.4539092653, 4.0498
 48774, 2.6043043033,-0.9523877276, 3.5031
 48926, 2.6130735123,-0.6264149539, 5.3078
 49583, 2.6499882042, 0.2925637063, 3.5034
 49593, 2.6504079273, 0.6151359185, 4.5375
 49641, 2.6526310683,-0.0064861385, 4.4798
 49669, 2.6545337495, 0.2088669583, 1.3232
 49841, 2.6642012413,-0.2156151740, 3.7748
 50099, 2.6779371328,-1.2223923360, 3.2783
 50191, 2.6823000812,-0.7351686827, 3.8653
 50335, 2.6908180521, 0.4087094811, 3.5096
 50371, 2.6925343724,-1.0704509185, 3.5298
 50372, 2.6926013770, 0.7489987590, 3.4586
 50583, 2.7051266664, 0.3463057904, 2.1684
 50801, 2.7154271176, 0.7243017488, 3.1544
 51069, 2.7318406159,-0.2938453052, 3.9567
 51172, 2.7364694417,-0.5422354415, 4.4113
 51232, 2.7396393294,-1.0251960825, 3.8953
 51233, 2.7396645982, 0.6406663534, 4.3599
 51437, 2.7501664285,-0.0111172549, 5.0315
 51839, 2.7727622778,-1.3719651655, 4.2102
 51986, 2.7807645029,-0.8416957894, 3.9098
 52419, 2.8054296405,-1.1238956867, 2.6536
 52468, 2.8079662518,-1.0570870613, 4.6760
 52727, 2.8220608340,-0.8625438986, 2.8299
 52943, 2.8345188462,-0.2826409277, 3.2707
 53229, 2.8506055401, 0.5971742861, 3.9531
 53253, 2.8514001135,-1.0271832446, 3.9412
 53740, 2.8788296167,-0.3193794981, 4.2458
 53910, 2.8878211070, 0.9840575548, 2.3499
 54061, 2.8960711378, 1.0777603439, 1.9519
 54463, 2.9172738933,-1.0293086553, 4.0890
 54539, 2.9219618312, 0.7766462675, 3.1638
 54682, 2.9306613406,-0.3983819823, 4.4775
 54872, 2.9413460901, 0.3582119659, 2.5932
 54879, 2.9419299658, 0.2693001643, 3.3288
 55282, 2.9641888635,-0.2579429748, 3.7179
 55687, 2.9871750427,-0.1895319816, 4.9202
 55705, 2.9883660728,-0.3086443251, 4.1269
 56211, 3.0168225896, 1.2100563449, 3.9165
 56343, 3.0238017656,-0.5560186839, 3.7025
 56480, 3.0314705161,-0.9470877617, 4.5994
 56561, 3.0359222943,-1.0999034371, 3.1068
 56633, 3.0398507578,-0.1710816023, 4.6695
 57283, 3.0751071768,-0.3202786432, 4.8760
 57363, 3.0788020574,-1.1646380270, 3.6840
 57380, 3.0798931342, 0.1139667516, 4.1388
 57399, 3.0807340494, 0.8339067425, 3.8550
 57632, 3.0938781373, 0.2543352565, 2.1605
 57936, 3.1106538740,-0.5918085159, 4.2517
 58001, 3.1146666759, 0.9371498813, 2.4286
 58188, 3.1242108904,-0.2993380834, 5.1725
 59196, 3.1780659373,-0.8852730576, 2.5241
 59199, 3.1782992992,-0.4315986283, 4.0991
 59316, 3.1857731851,-0.3947898488, 3.1761
 59747, 3.2076793268,-1.0253617674, 2.7066
 59774, 3.2088932061, 0.9954066109, 3.3353
 59803, 3.2105671816,-0.3061653709, 2.5477
 60000, 3.2216555620,-1.3842602319, 4.2039
 60030, 3.2230630262,-0.0137382663, 5.9541
 60718, 3.2576527881,-1.1012862951, 0.6739
 60742, 3.2591353191, 0.4933804890, 4.5164
 60823, 3.2639410768,-0.8766894414, 3.8436
 60965, 3.2719093518,-0.2882427674, 2.9449
 61084, 3.2775777484,-0.9968023763, 1.6299
 61174, 3.2815451373,-0.2826711778, 4.3853
 61199, 3.2832632867,-1.2589579249, 3.7903
 61281, 3.2876943477, 1.2180340414, 3.8414
 61317, 3.2888615374, 0.7218117631, 4.3682
 61359, 3.2916352739,-0.4083481040, 2.8099
 61585, 3.3038416410,-1.2066426928, 2.6109
 61932, 3.3227581995,-0.8545112049, 2.1460
 61941, 3.3233979411,-0.0252989299, 2.8213
 62322, 3.3435323214,-1.1887104886, 2.9789
 62434, 3.3498190466,-1.0417649114, 1.1537
 62956, 3.3773308557, 0.9766835090, 1.7545
 63090, 3.3842285625, 0.0592992848, 3.4405
 63125, 3.3860726301, 0.6687795565, 2.8471
 63608, 3.4129012157, 0.1912724110, 2.9980
 64166, 3.4429006957,-0.4034847403, 5.1032
 64241, 3.4469925602, 0.3059407189, 4.4292
 64394, 3.4552372412, 0.4865286405, 4.3607
 64962, 3.4859499991,-0.4044174415, 3.1521
 65109, 3.4932812673,-0.6407466857, 2.7717
 65378, 3.5077787053, 0.9586293363, 2.2540
 65474, 3.5133190262,-0.1948004728, 0.8891
 65936, 3.5388491118,-0.6877867814, 4.0636
 66249, 3.5547815209,-0.0104010854, 3.4147
 66657, 3.5774357455,-0.9331640675, 2.2097
 67301, 3.6108350538, 0.8606795018, 1.7994
 67459, 3.6192818453, 0.2757237260, 4.1588
 67464, 3.6193981602,-0.7275869220, 3.3237
 67472, 3.6198861585,-0.7413056511, 3.3969
 67927, 3.6420015586, 0.3211159157, 2.7957
 68002, 3.6457335522,-0.8253359433, 2.4419
 68282, 3.6594297557,-0.7819691374, 3.7877
 68520, 3.6723751468, 0.0269580679, 4.2777
 68702, 3.6818771120,-1.0537072605, 0.5366
 68756, 3.6843483047, 1.1235698204, 3.6452
 68933, 3.6943765794,-0.6347534825, 2.2226
 69427, 3.7214594688,-0.1793158931, 4.3251
 69673, 3.7335754203, 0.3348810440, 0.1114
 69701, 3.7350689537,-0.1047114831, 4.1854
 70576, 3.7794233480,-0.7920175094, 4.4387
 70638, 3.7826914176,-1.4602795126, 4.4667
 71053, 3.8040802105, 0.5300764764, 3.7331
 71075, 3.8051637674, 0.6685987015, 3.0980
 71352, 3.8201222336,-0.7357914675, 2.2729
 71536, 3.8305069195,-0.8626422065, 3.9964
 71683, 3.8383352142,-1.0617735850, 0.1373
 71795, 3.8447363858, 0.2396045866, 3.7971
 71860, 3.8481436648,-0.8270790906, 2.2296
 71908, 3.8506824826,-1.1340201681, 3.2465
 71957, 3.8530733801,-0.0987407647, 3.9589
 72105, 3.8614864893, 0.4725334744, 2.5167
 72220, 3.8669945359, 0.0330380071, 3.7371
 72370, 3.8740292432,-1.3795904860, 3.9796
 72607, 3.8864406714, 1.2942572177, 2.2044
 72622, 3.8871956548,-0.2799789166, 2.7892
 73273, 3.9205879287,-0.7528279990, 2.5982
 73334, 3.9233328099,-0.7348559006, 3.0671
 73555, 3.9354842530, 0.7049496023, 3.6469
 73714, 3.9447540497,-0.4412516273, 3.3093
 74395, 3.9806017454,-0.9093003916, 3.5711
 74666, 3.9946298740, 0.5814582287, 3.6268
 74785, 4.0012016219,-0.1637619163, 2.5739
 74824, 4.0034188011,-1.0262689373, 4.1042
 74946, 4.0095077154,-1.1986828347, 2.8816
 75097, 4.0174388121, 1.2537393443, 3.0449
 75141, 4.0202449707,-0.7094319926, 3.1417
 75177, 4.0221430016,-0.6328767628, 3.6909
 75323, 4.0289949683,-1.0353414981, 4.5370
 75458, 4.0357673053, 1.0291512588, 3.4638
 75695, 4.0484258681, 0.5079866628, 3.7373
 76127, 4.0706747501, 0.5473205070, 4.1120
 76267, 4.0783391856, 0.4662631477, 2.2210
 76276, 4.0788482810, 0.1839377915, 3.8677
 76297, 4.0803223879,-0.7184943710, 2.7000
 76333, 4.0820007355,-0.2581264056, 4.0672
 76552, 4.0930387052,-0.7429427693, 4.4791
 76952, 4.1134965670, 0.4589433025, 3.8233
 77055, 4.1192289425, 1.3577701468, 4.3064
 77070, 4.1201402784, 0.1121464762, 2.7971
 77233, 4.1285192430, 0.2691633862, 3.6836
 77450, 4.1396598125, 0.3166337791, 4.1929
 77512, 4.1433896828, 0.4549820177, 4.7388
 77516, 4.1435036788,-0.0598672580, 3.5411
 77622, 4.1487124430, 0.0781485099, 3.7548
 77634, 4.1493415357,-0.5869036996, 3.9547
 77760, 4.1568066407, 0.7408920569, 4.7198
 77853, 4.1618450083,-0.2919869887, 4.2934
 77952, 4.1676141330,-1.1070579781, 2.9075
 78072, 4.1732999950, 0.2734011715, 3.9456
 78159, 4.1782674598, 0.4691100516, 4.2992
 78265, 4.1837811576,-0.4557760267, 2.8274
 78384, 4.1893240195,-0.6701478078, 3.3398
 78401, 4.1902454992,-0.3948217575, 2.2617
 78493, 4.1950872545, 0.5209996009, 4.9684
 78527, 4.1970589736, 1.0221422574, 4.1190
 78639, 4.2028153991,-0.8592207186, 4.8061
 78820, 4.2125146985,-0.3456693411, 2.5940
 78970, 4.2205097386,-0.6415051923, 5.7940
 79509, 4.2476030328,-0.9534805768, 5.1145
 79822, 4.2651847957, 1.3221690065, 5.0409
 79882, 4.2687292610,-0.0819014637, 3.3887
 79992, 4.2749256882, 0.8083190661, 3.8472
 80000, 4.2753707293,-0.8753765045, 4.1760
 80170, 4.2844374235, 0.3342832920, 3.8125
 80331, 4.2934740901, 1.0736231529, 2.8717
 80582, 4.3074033577,-0.8299867129, 4.5129
 80763, 4.3171059089,-0.4613244851, 0.9757
 80816, 4.3206543171, 0.3750651255, 2.9378
 81065, 4.3347771051,-1.3770117050, 4.0203
 81126, 4.3375932894, 0.7406635595, 4.2022
 81266, 4.3453578306,-0.4924614315, 2.7374
 81377, 4.3509262017,-0.1844315910, 2.5708
 81693, 4.3689574263, 0.5515569741, 2.9338
 81833, 4.3759577535, 0.6793250957, 3.6411
 81852, 4.3768072150,-1.3529194020, 4.3954
 82080, 4.3893692379, 1.4318201239, 4.3677
 82273, 4.4011288350,-1.2047595072, 2.0711
 82363, 4.4060190813,-1.0304653683, 3.8760
 82396, 4.4077013945,-0.5985189437, 2.4532
 82514, 4.4151186082,-0.6640511238, 2.9245
 82671, 4.4243898223,-0.7393567228, 4.8394
 83000, 4.4404281814, 0.1636256036, 3.3612
 83081, 4.4445704416,-0.9772108151, 3.2393
 83207, 4.4518554078, 0.5397664446, 3.9111
 83895, 4.4889304721, 1.1469367756, 3.1359
 84012, 4.4958708926,-0.2744556024, 2.4393
 84143, 4.5036167720,-0.7546540224, 3.4149
 84379, 4.5161793708, 0.4335325833, 3.1501
 84380, 4.5162470062, 0.6424409577, 3.3121
 84606, 4.5276957547, 0.6508567252, 4.6304
 84880, 4.5414656527,-0.2242203939, 4.3496
 85112, 4.5539256612, 0.6483186784, 4.1529
 85258, 4.5609814586,-0.9691782595, 2.9935
 85267, 4.5613932582,-0.9839762802, 3.2710
 85670, 4.5833783766, 0.9128309154, 2.9466
 85693, 4.5847107282, 0.4557160166, 4.5456
 85727, 4.5862872742,-1.0591287369, 3.5681
 85755, 4.5876670822,-0.4182259209, 4.8040
 85792, 4.5895266472,-0.8705000971, 2.7869
 85822, 4.5911538344, 1.5112165367, 4.3641
 85829, 4.5913706814, 0.9629471345, 4.9413
 85927, 4.5972355280,-0.6475825794, 1.5244
 86032, 4.6030153679, 0.2192234059, 2.1262
 86228, 4.6134233893,-0.7504535374, 1.9269
 86263, 4.6145942048,-0.2687529224, 3.6075
 86414, 4.6227875849, 0.8029618018, 3.7497
 86565, 4.6312978188,-0.2247141594, 4.2762
 86670, 4.6359784471,-0.6812006283, 2.3164
 86742, 4.6402761139, 0.0797077386, 2.9279
 86929, 4.6501390773,-1.1296422722, 3.7700
 86974, 4.6533182298, 0.4838488873, 3.5596
 87072, 4.6581112049,-0.4857384391, 4.6672
 87073, 4.6582169509,-0.7003479526, 3.1092
 87585, 4.6841458792, 0.9926115420, 3.8948
 87808, 4.6960395059, 0.6501442499, 4.0284
 87833, 4.6975811581, 0.8986517235, 2.3617
 87933, 4.7026319059, 0.5104725974, 3.8533
 88635, 4.7377344027,-0.5309928658, 3.1356
 88714, 4.7413235439,-0.8742608091, 3.6327
 88794, 4.7452993989, 0.5019998075, 3.8384
 88866, 4.7498256304,-1.1112170736, 4.3993
 89341, 4.7724434803,-0.3675459292, 3.8729
 89642, 4.7893092322,-0.6416053924, 3.1512
 89931, 4.8039912526,-0.5205974986, 2.8654
 89937, 4.8041888340, 1.2694425030, 3.6666
 89962, 4.8053947027,-0.0505643176, 3.3995
 90098, 4.8137359490,-1.0732711118, 4.4875
 90185, 4.8178611373,-0.6001195009, 1.7986
 90422, 4.8300845506,-0.8022986967, 3.4234
 90496, 4.8344361918,-0.4436844643, 2.9838
 90568, 4.8381789279,-0.8564336043, 4.2661
 90595, 4.8397872487,-0.2542212491, 4.7103
 90887, 4.8535647935,-0.6929639488, 5.1928
 91117, 4.8660097911,-0.1438728697, 4.0071
 91262, 4.8735545728, 0.6768909262, 0.0868
 91792, 4.9001670491,-1.2466490398, 4.1674
 91875, 4.9034255256,-0.6688679497, 5.1458
 91971, 4.9077448450, 0.6563319405, 4.3992
 92041, 4.9116003502,-0.4710779647, 3.1339
 92175, 4.9182271085,-0.0828652458, 4.3804
 92202, 4.9195723689,-0.0995722694, 5.5178
 92420, 4.9309037606, 0.5822885787, 3.5618
 92609, 4.9402298308,-1.0853776876, 4.1657
 92791, 4.9502110872, 0.6440021457, 4.2177
 92814, 4.9511438607,-0.2723241080, 5.1307
 92855, 4.9535292437,-0.4589621517, 2.0095
 92946, 4.9576921200, 0.0733654477, 4.6864
 92953, 4.9579693593,-0.7454406264, 5.5081
 92989, 4.9596796420,-0.6517615032, 5.3103
 93015, 4.9608831877,-1.1734465592, 4.4996
 93085, 4.9642821156,-0.3683800742, 3.6880
 93174, 4.9686232391,-0.6476408702, 4.9201
 93194, 4.9695795758, 0.5705403298, 3.2342
 93244, 4.9725440772, 0.2629945516, 4.1840
 93506, 4.9855855848,-0.5215063808, 2.6212
 93542, 4.9877752208,-0.7346962495, 4.7352
 93683, 4.9946184524,-0.3794582188, 3.9215
 93747, 4.9977948460, 0.2419673781, 2.9935
 93805, 5.0014554958,-0.0852128124, 3.4026
 93825, 5.0021892252,-0.6468671394, 4.3123
 93864, 5.0044729068,-0.4829293709, 3.4689
 94005, 5.0106172448,-0.7067996639, 4.7339
 94114, 5.0155147273,-0.6615537802, 4.1260
 94160, 5.0179490454,-0.6866248598, 4.2728
 94376, 5.0289593472, 1.1809127583, 3.2296
 94648, 5.0420593851, 1.2802900235, 4.6170
 94779, 5.0488091876, 0.9314501204, 3.9512
 94820, 5.0511345200,-0.3307901939, 5.0468
 95168, 5.0687543266,-0.3114932973, 3.9884
 95294, 5.0754945956,-0.7819013566, 4.3514
 95347, 5.0784100789,-0.7088767591, 3.9295
 95501, 5.0854351232, 0.0543596572, 3.4408
 95771, 5.0994456248, 0.4304883328, 4.5419
 95853, 5.1038037418, 0.9028495279, 3.8136
 95947, 5.1082358543, 0.4879887360, 3.2177
 96406, 5.1313879480,-0.4314282444, 5.7009
 96757, 5.1491418161, 0.3144025354, 4.5281
 96837, 5.1532979631, 0.3050158980, 4.5523
 97165, 5.1704246155, 0.7876791647, 2.8683
 97278, 5.1760335296, 0.1852364810, 2.8695
 97365, 5.1809564470, 0.3234838420, 3.8364
 97433, 5.1843706449, 1.2264050852, 3.9974
 97649, 5.1957493330, 0.1547650596, 0.8273
 97804, 5.2031438386, 0.0175523955, 4.0440
 98032, 5.2153113639,-0.7307416679, 4.2773
 98036, 5.2155358416, 0.1118395311, 3.8668
 98110, 5.2198722715, 0.6123224263, 4.0619
 98337, 5.2305617932, 0.3402011954, 3.6215
 98412, 5.2348368812,-0.6156866089, 4.3114
 98495, 5.2385616252,-1.2725227738, 3.9531
 98543, 5.2407881470, 0.4843910704, 4.7148
 98688, 5.2475839593,-0.4836286353, 4.4512
 98920, 5.2584933870, 0.3489066282, 5.2513
 99240, 5.2739384964,-1.1550470499, 3.6876
 99473, 5.2853125576,-0.0143374561, 3.2245
100064, 5.3147616297,-0.2189490900, 3.7388
100345, 5.3276645317,-0.2579841156, 3.2104
100453, 5.3329771576, 0.7026116358, 2.3548
100751, 5.3478960649,-0.9902104680, 1.8583
101421, 5.3809057021, 0.1972803573, 3.9978
101769, 5.3998210942, 0.2547343921, 3.7230
101772, 5.3999025096,-0.8253952181, 3.2707
101958, 5.4089393078, 0.2777177099, 3.7650
102098, 5.4167684854, 0.7902909202, 1.2966
102281, 5.4256138327, 0.2631028406, 4.5040
102395, 5.4321595407,-1.1554644831, 3.4733
102485, 5.4371199458,-0.4410537256, 4.2320
102488, 5.4376047148, 0.5928788067, 2.6429
102532, 5.4395744565, 0.2814304147, 4.4364
102618, 5.4440115501,-0.1657310527, 3.7818
102831, 5.4540142558,-0.5895665123, 5.0571
102978, 5.4621021643,-0.4698273838, 4.2197
103227, 5.4751400131,-1.0202164157, 3.8340
103738, 5.5034203151,-0.5630042423, 4.8136
104139, 5.5237328725,-0.3007675455, 4.0838
104521, 5.5429090802, 0.1768358642, 4.7812
104732, 5.5542326582, 0.5275620911, 3.3743
104858, 5.5609673499, 0.1746676430, 4.5928
104987, 5.5668292305, 0.0915961702, 4.0423
105140, 5.5760540002,-0.5615158002, 4.7454
105199, 5.5788418042, 1.0923222563, 2.5141
105319, 5.5844633843,-0.9328656395, 4.4458
105515, 5.5948548929,-0.2938184194, 4.4388
105570, 5.5976768255, 0.1188763523, 5.1828
105858, 5.6131601046,-1.1408893452, 4.3296
105881, 5.6141444450,-0.3911523446, 3.9246
106032, 5.6228381573, 1.2315164467, 3.1438
106278, 5.6354878559,-0.0972350084, 3.0404
106985, 5.6727085700,-0.2908111754, 3.7660
107089, 5.6787539579,-1.3507009230, 3.8981
107310, 5.6903845519, 0.5016638713, 4.6029
107315, 5.6905834997, 0.1723513960, 2.5460
107354, 5.6925880016, 0.4475897395, 4.2347
107556, 5.7030295246,-0.2814616727, 2.9409
107608, 5.7060757051,-0.5392771747, 5.0443
108085, 5.7330905586,-0.6521391882, 2.9763
108661, 5.7632382726,-0.4966114036, 5.4012
109074, 5.7848229225,-0.0055820216, 3.1080
109111, 5.7862685206,-0.6901563983, 4.6247
109139, 5.7876721702,-0.2420691450, 4.2648
109176, 5.7901643051, 0.4423545037, 3.8678
109268, 5.7955022402,-0.8196173671, 1.6983
109352, 5.7998509627, 0.5789693071, 5.7472
109422, 5.8038367094,-0.5680774521, 5.0428
109427, 5.8040793159, 0.1081718284, 3.5534
109492, 5.8069476370, 1.0158034400, 3.5120
109937, 5.8292666350, 0.6588397086, 4.2900
110003, 5.8330333615,-0.1358431158, 4.3335
110130, 5.8403209499,-1.0517265895, 3.0103
110395, 5.8540742823,-0.0242138789, 3.8423
110538, 5.8623890691, 0.9115767363, 4.5867
110609, 5.8665603547, 0.8635260945, 4.6112
110960, 5.8853811479,-0.0003502047, 3.7450
110997, 5.8872976637,-0.7591406325, 4.1394
111022, 5.8884371236, 0.8326423929, 4.4280
111104, 5.8926141911, 0.7526451369, 4.4912
111123, 5.8933089527,-0.1863642637, 4.8253
111169, 5.8961131509, 0.8775943054, 3.7820
111188, 5.8970522677,-0.5645446875, 4.3003
111497, 5.9138539234,-0.0020483403, 4.0159
111954, 5.9369792909,-0.4720001247, 4.1591
112029, 5.9404953522, 0.1890434350, 3.3887
112122, 5.9457502519,-0.8182900416, 2.0699
112158, 5.9472187740, 0.5274613190, 3.0897
112405, 5.9605701466,-1.4203771718, 4.1964
112440, 5.9626150389, 0.4112986917, 4.1320
112447, 5.9633131013, 0.2124778460, 4.3058
112623, 5.9714402050,-0.8956454387, 3.5190
112716, 5.9759717102,-0.2372345337, 4.1494
112724, 5.9763645834, 1.1554203705, 3.6704
112748, 5.9777599832, 0.4293803987, 3.6685
112961, 5.9891601885,-0.1322903488, 3.8072
113136, 5.9980450016,-0.2761243435, 3.2964
113246, 6.0037066048,-0.5679249405, 4.3677
113368, 6.0111194213,-0.5169985827, 1.1808
113638, 6.0252310587,-0.9207328357, 4.2774
113881, 6.0378453479, 0.4901312897, 2.4861
113963, 6.0421565690, 0.2653837274, 2.4784
114131, 6.0514032851,-0.7595729516, 4.3881
114341, 6.0626020265,-0.3695295838, 3.8484
114421, 6.0665774222,-0.7897029762, 4.0494
114855, 6.0907101767,-0.1586102111, 4.4090
114971, 6.0962528019, 0.0572859845, 3.8482
114996, 6.0974395084,-1.0164086771, 4.0856
115102, 6.1035201566,-0.5677876466, 4.5777
115438, 6.1216188254,-0.3508172030, 4.1180
115738, 6.1388978678, 0.0219184994, 4.9527
115830, 6.1434257276, 0.1113362511, 4.4401
116231, 6.1652438184,-0.6600548805, 4.3517
116727, 6.1930813863, 1.3549334230, 3.3767
116771, 6.1956876108, 0.0982158586, 4.2373
116928, 6.2048550622, 0.0310741470, 4.5578
118268, 6.2801747815, 0.1197923082, 4.1219